NG
NG
10 0
NG
NG
NG
NG
NG
NG
8 18
NG
5 20
OK
NG
NG
9 0
OK
OK
NG
5 22
2 6
OK
NG
2 2
35 25
NG
NG
NG
NG
21 0
15 70
4 308
NG
NG
7 32
NG
NG
8 17
5 99
6 3
8 17
6 100
6 0
8 365
OK
1 0
1 0
OK
OK
1 0
1 1
1 0
OK
2 0
1 1
2 0
OK
NG
OK
OK
OK
NG
NG
18 342
NG
NG
NG
15 200
NG
NG
9 1
8 110
9 26
10 1
7 17
NG
29 0
14 66
21 18
NG
12 30
OK
10 14
14 11
10 19
5 74
6 44
3 20
4 9
4 4
5 0
NG
NG
13 0
4 70
NG
6 0
1 1
7 1
10 0
4 0
5 0
5 0
5 17
5 27
NG
1 0
18 34
1 8
21 15
11 0
NG
21 40
OK
OK
1 0
2 116
3 2
1 0
NG
OK
3 0
OK
2 0
6 2
2 0
5 5
2 10
NG
3 7
1 6
1 1
6 0
2 6
NG
OK
1 0
5 0
2 0
4 62
4 62
2 0
2 5
5 0
6 112
1 0
2 16
NG
NG
NG
5 53
3 0
OK
3 11
OK
3 13
2 0
OK
2 1
OK
NG
1 0
NG
6 61
NG
2 10
OK
3 96
5 1
2 1
5 58
1 55
1 0
OK
NG
6 0
4 6
3 20
3 0
5 0
7 62
4 5
OK
5 0
6 6
OK
3 0
1 0
1 0
2 5
6 1
2 0
OK
1 0
NG
4 0
2 0
OK
5 50
NG
6 25
1 23
1 0
OK
1 19
3 2
4 2
3 2
3 25
3 1
4 0
NG
NG
2 2
5 3
5 0
2 4
NG
4 0
OK
OK
5 23
NG
3 0
2 8
2 30
2 3
NG
2 5
1 0
1 0
4 26
NG
5 0
2 5
2 7
NG
3 5
3 6
OK
OK
1 8
3 6
OK
2 7
4 6
4 3
5 41
4 0
OK
OK
2 6
3 0
OK
2 0
NG
6 14
4 0
3 48
5 18
3 25
4 2
1 0
4 0
5 3
2 15
6 32
21 293
19 295
5 33
17 0
12 282
4 21
2 91
NG
NG
2 106
4 6
