NG
NG
10 1
NG
NG
NG
NG
NG
NG
8 18
NG
5 20
OK
NG
NG
7 12
OK
OK
NG
5 22
2 6
OK
NG
2 2
35 25
NG
NG
NG
NG
21 1
15 70
4 308
NG
NG
7 32
NG
NG
8 17
5 99
6 3
8 17
6 100
6 1
8 365
OK
1 1
1 1
OK
OK
1 2
1 1
1 2
OK
2 1
1 1
2 1
OK
NG
OK
OK
OK
NG
NG
18 342
NG
NG
NG
15 200
NG
NG
9 1
8 110
9 26
10 1
7 17
NG
29 1
14 66
21 18
NG
12 30
OK
10 14
14 11
10 19
5 74
6 44
3 20
4 9
4 4
5 1
NG
NG
13 1
4 70
NG
6 1
1 1
7 1
8 9
4 1
5 1
5 1
5 17
5 27
NG
1 1
18 34
1 8
21 15
11 1
NG
21 40
OK
OK
1 1
2 116
3 2
1 1
NG
OK
3 1
OK
2 1
6 2
2 4
5 5
2 10
NG
3 7
1 6
1 1
7 15
2 6
NG
OK
1 2
5 1
2 2
4 62
4 62
2 1
2 5
5 1
6 112
1 1
2 16
NG
NG
NG
5 53
2 2
OK
3 11
OK
3 13
3 2
OK
2 1
OK
NG
1 1
NG
6 61
NG
2 10
OK
3 96
5 1
2 1
5 58
1 55
1 1
OK
NG
6 1
4 6
3 20
3 1
5 1
7 62
4 5
OK
5 1
6 6
OK
3 1
1 2
1 1
2 5
6 1
2 1
OK
1 1
NG
4 1
1 10
OK
5 50
NG
6 25
1 23
1 1
OK
1 19
3 2
4 2
3 2
3 25
3 1
NG
NG
NG
2 2
5 3
5 1
2 4
NG
4 1
OK
OK
5 23
NG
3 1
2 8
2 30
2 3
NG
2 5
1 1
2 2
4 26
NG
5 1
2 5
2 7
NG
3 5
3 6
OK
OK
1 8
3 6
OK
2 7
4 6
4 3
5 41
4 1
OK
OK
2 6
3 1
OK
4 46
NG
6 14
4 1
3 48
5 18
3 25
4 2
2 12
4 1
5 3
2 15
6 32
21 293
19 295
5 33
17 1
12 282
4 21
2 91
NG
NG
2 106
4 6
