447608 405
15121 325
469704 216875
508 918125
878572 389
308565 484455
597 533262
594 830205
958 373698
281321 230
105381 913
402 476017
949971 546
263339 713505
715968 624345
700 77718
6077 637
999993 0
553354 993110
320122 923561
283186 918068
733351 903
399795 137
75 497595
0 999994
816750 806354
575179 799254
184 718550
1 999991
20 819858
421 600192
54 730876
638275 299
81596 477811
691539 652
1000000 1
217 74090
243 63525
290 876750
308557 577825
400 965291
703518 165
293583 843
0 3
765 779214
246522 858
82266 887
517252 908
275767 488
481 846762
194846 170688
461 584078
338 488464
273079 734
902678 144
23261 552790
41 303286
909125 194
995248 29866
388825 935
812202 973841
734 904499
347492 46
992789 292
579770 143288
544192 895068
594807 834129
955 289648
999998 2
765149 580
474888 683
465 772831
474 108204
227521 723033
2 999995
177264 827
789 643195
673 727004
843 603084
98 929249
398145 763982
289305 866
582466 188673
0 1
865801 712647
787157 117872
434034 799
0 2
818246 304108
705005 12
143123 925938
264116 586101
669 267077
719704 58
845411 532
371 707492
441982 716767
114564 303
840 172965
46699 339
0 0
