447608 200352921664 82013
1 2 200352839651
447607 200352026449 54675
2 3 200351971775
447606 200351131236 41007
3 4 200351090231
447605 200350236025 32805
4 5 200350203223
447604 200349340816 27339
5 6 200349313481
447603 200348445609 23433
6 7 200348422181
447602 200347550404 20505
7 8 200347529905
447601 200346655201 18225
8 9 200346636983
447600 200345760000 16405
9 10 200345743603
447599 200344864801 14913
10 11 200344849897
447598 200343969604 13671
11 12 200343955943
447597 200343074409 12619
12 13 200343061801
447596 200342179216 11717
13 14 200342167511
447595 200341284025 10935
14 15 200341273103
447594 200340388836 10255
15 16 200340378595
447593 200339493649 9651
16 17 200339484013
447592 200338598464 9117
17 18 200338589363
447591 200337703281 8637
18 19 200337694661
447590 200336808100 8205
19 20 200336799913
447589 200335912921 7815
20 21 200335905125
447588 200335017744 7461
21 22 200335010303
447587 200334122569 7137
22 23 200334115453
447586 200333227396 6837
23 24 200333220581
447585 200332332225 6565
24 25 200332325683
447584 200331437056 6315
25 26 200331430765
447583 200330541889 6075
26 27 200330535839
447582 200329646724 5865
27 28 200329640885
447581 200328751561 5657
28 29 200328745931
447580 200327856400 5475
29 30 200327850953
447579 200326961241 5293
30 31 200326955977
447578 200326066084 5133
31 32 200326060981
447577 200325170929 4977
32 33 200325165983
447576 200324275776 4827
33 34 200324270981
447575 200323380625 4695
34 35 200323375963
447574 200322485476 4563
35 36 200322480947
447573 200321590329 4435
36 37 200321585929
447572 200320695184 4325
37 38 200320690895
447571 200319800041 4215
38 39 200319795863
447570 200318904900 4105
39 40 200318900833
447569 200318009761 4005
40 41 200318005795
447568 200317114624 3915
41 42 200317110749
447567 200316219489 3825
42 43 200316215705
447566 200315324356 3735
43 44 200315320663
447565 200314429225 3645
44 45 200314425623
447564 200313534096 3573
45 46 200313530567
447563 200312638969 3501
46 47 200312635513
447562 200311743844 3429
47 48 200311740461
447561 200310848721 3357
48 49 200310845411
447560 200309953600 3285
49 50 200309950363
447559 200309058481 3219
50 51 200309055311
447558 200308163364 3163
51 52 200308160251
447557 200307268249 3107
52 53 200307265193
447556 200306373136 3051
53 54 200306370137
447555 200305478025 2995
54 55 200305475083
447554 200304582916 2939
55 56 200304580031
447553 200303687809 2883
56 57 200303684981
447552 200302792704 2829
57 58 200302789931
447551 200301897601 2787
58 59 200301894871
447550 200301002500 2745
59 60 200300999813
447549 200300107401 2703
60 61 200300104757
447548 200299212304 2661
61 62 200299209703
447547 200298317209 2619
62 63 200298314651
447546 200297422116 2577
63 64 200297419601
447545 200296527025 2535
64 65 200296524553
447544 200295631936 2493
65 66 200295629507
447543 200294736849 2451
66 67 200294734463
447542 200293841764 2415
67 68 200293839415
447541 200292946681 2385
68 69 200292944363
447540 200292051600 2355
69 70 200292049313
447539 200291156521 2325
70 71 200291154265
447538 200290261444 2295
71 72 200290259219
447537 200289366369 2265
72 73 200289364175
447536 200288471296 2235
73 74 200288469133
447535 200287576225 2205
74 75 200287574093
447534 200286681156 2175
75 76 200286679055
447533 200285786089 2145
76 77 200285784019
447532 200284891024 2115
77 78 200284888985
447531 200283995961 2085
78 79 200283993953
447530 200283100900 2055
79 80 200283098923
447529 200282205841 2025
80 81 200282203895
447528 200281310784 2005
81 82 200281308859
447527 200280415729 1985
82 83 200280413825
447526 200279520676 1965
83 84 200279518793
447525 200278625625 1945
84 85 200278623763
447524 200277730576 1925
85 86 200277728735
447523 200276835529 1905
86 87 200276833709
447522 200275940484 1885
87 88 200275938685
447521 200275045441 1865
88 89 200275043663
447520 200274150400 1845
89 90 200274148643
447519 200273255361 1825
90 91 200273253625
447518 200272360324 1805
91 92 200272358609
447517 200271465289 1785
92 93 200271463595
447516 200270570256 1765
93 94 200270568583
447515 200269675225 1745
94 95 200269673573
447514 200268780196 1725
95 96 200268778565
447513 200267885169 1705
96 97 200267883559
447512 200266990144 1685
97 98 200266988555
447511 200266095121 1665
98 99 200266093553
447510 200265200100 1645
99 100 200265198553
447509 200264305081 1625
100 101 200264303555
447508 200263410064 1611
101 102 200263408553
447507 200262515049 1599
102 103 200262513551
447506 200261620036 1587
103 104 200261618551
447505 200260725025 1575
104 105 200260723553
447504 200259830016 1563
105 106 200259828557
447503 200258935009 1551
106 107 200258933563
447502 200258040004 1539
107 108 200258038571
447501 200257145001 1527
108 109 200257143581
447500 200256250000 1515
109 110 200256248593
447499 200255355001 1503
110 111 200255353607
447498 200254460004 1491
111 112 200254458623
447497 200253565009 1479
112 113 200253563641
447496 200252670016 1467
113 114 200252668661
447495 200251775025 1455
114 115 200251773683
447494 200250880036 1443
115 116 200250878707
447493 200249985049 1431
116 117 200249983733
447492 200249090064 1419
117 118 200249088761
447491 200248195081 1407
118 119 200248193791
447490 200247300100 1395
119 120 200247298823
447489 200246405121 1383
120 121 200246403857
447488 200245510144 1371
121 122 200245508893
447487 200244615169 1359
122 123 200244613931
447486 200243720196 1347
123 124 200243718971
447485 200242825225 1335
124 125 200242824013
447484 200241930256 1323
125 126 200241929057
447483 200241035289 1311
126 127 200241034103
447482 200240140324 1299
127 128 200240139151
447481 200239245361 1287
128 129 200239244201
447480 200238350400 1275
129 130 200238349253
447479 200237455441 1263
130 131 200237454307
447478 200236560484 1251
131 132 200236559363
447477 200235665529 1239
132 133 200235664421
447476 200234770576 1227
133 134 200234769481
447475 200233875625 1215
134 135 200233874543
447474 200232980676 1209
135 136 200232979601
447473 200232085729 1203
136 137 200232084661
447472 200231190784 1197
137 138 200231189723
447471 200230295841 1191
138 139 200230294787
447470 200229400900 1185
139 140 200229399853
447469 200228505961 1179
140 141 200228504921
447468 200227611024 1173
141 142 200227609991
447467 200226716089 1167
142 143 200226715063
447466 200225821156 1161
143 144 200225820137
447465 200224926225 1155
144 145 200224925213
447464 200224031296 1149
145 146 200224030291
447463 200223136369 1143
146 147 200223135371
447462 200222241444 1137
147 148 200222240453
447461 200221346521 1131
148 149 200221345537
447460 200220451600 1125
149 150 200220450623
447459 200219556681 1119
150 151 200219555711
447458 200218661764 1113
151 152 200218660801
447457 200217766849 1107
152 153 200217765893
447456 200216871936 1101
153 154 200216870987
447455 200215977025 1095
154 155 200215976083
447454 200215082116 1089
155 156 200215081181
447453 200214187209 1083
156 157 200214186281
447452 200213292304 1077
157 158 200213291383
447451 200212397401 1071
158 159 200212396487
447450 200211502500 1065
159 160 200211501593
447449 200210607601 1059
160 161 200210606701
447448 200209712704 1053
161 162 200209711811
447447 200208817809 1047
162 163 200208816923
447446 200207922916 1041
163 164 200207922037
447445 200207028025 1035
164 165 200207027153
447444 200206133136 1029
165 166 200206132271
447443 200205238249 1023
166 167 200205237391
447442 200204343364 1017
167 168 200204342513
447441 200203448481 1011
168 169 200203447637
447440 200202553600 1005
169 170 200202552763
447439 200201658721 999
170 171 200201657891
447438 200200763844 993
171 172 200200763021
447437 200199868969 987
172 173 200199868153
447436 200198974096 981
173 174 200198973287
447435 200198079225 975
174 175 200198078423
447434 200197184356 969
175 176 200197183561
447433 200196289489 963
176 177 200196288701
447432 200195394624 957
177 178 200195393843
447431 200194499761 951
178 179 200194498987
447430 200193604900 945
179 180 200193604133
447429 200192710041 939
180 181 200192709281
447428 200191815184 933
181 182 200191814431
447427 200190920329 927
182 183 200190919583
447426 200190025476 921
183 184 200190024737
447425 200189130625 915
184 185 200189129893
447424 200188235776 909
185 186 200188235051
447423 200187340929 903
186 187 200187340211
447422 200186446084 897
187 188 200186445373
447421 200185551241 891
188 189 200185550537
447420 200184656400 885
189 190 200184655703
447419 200183761561 879
190 191 200183760871
447418 200182866724 873
191 192 200182866041
447417 200181971889 867
192 193 200181971213
447416 200181077056 861
193 194 200181076387
447415 200180182225 855
194 195 200180181563
447414 200179287396 849
195 196 200179286741
447413 200178392569 843
196 197 200178391921
447412 200177497744 837
197 198 200177497103
447411 200176602921 831
198 199 200176602287
447410 200175708100 825
199 200 200175707473
447409 200174813281 819
200 201 200174812661
447408 200173918464 813
201 202 200173917851
447407 200173023649 809
202 203 200173023041
447406 200172128836 807
203 204 200172128231
447405 200171234025 805
204 205 200171233423
447404 200170339216 803
205 206 200170338617
447403 200169444409 801
206 207 200169443813
447402 200168549604 799
207 208 200168549011
447401 200167654801 797
208 209 200167654211
447400 200166760000 795
209 210 200166759413
447399 200165865201 793
210 211 200165864617
447398 200164970404 791
211 212 200164969823
447397 200164075609 789
212 213 200164075031
447396 200163180816 787
213 214 200163180241
447395 200162286025 785
214 215 200162285453
447394 200161391236 783
215 216 200161390667
447393 200160496449 781
216 217 200160495883
447392 200159601664 779
217 218 200159601101
447391 200158706881 777
218 219 200158706321
447390 200157812100 775
219 220 200157811543
447389 200156917321 773
220 221 200156916767
447388 200156022544 771
221 222 200156021993
447387 200155127769 769
222 223 200155127221
447386 200154232996 767
223 224 200154232451
447385 200153338225 765
224 225 200153337683
447384 200152443456 763
225 226 200152442917
447383 200151548689 761
226 227 200151548153
447382 200150653924 759
227 228 200150653391
447381 200149759161 757
228 229 200149758631
447380 200148864400 755
229 230 200148863873
447379 200147969641 753
230 231 200147969117
447378 200147074884 751
231 232 200147074363
447377 200146180129 749
232 233 200146179611
447376 200145285376 747
233 234 200145284861
447375 200144390625 745
234 235 200144390113
447374 200143495876 743
235 236 200143495367
447373 200142601129 741
236 237 200142600623
447372 200141706384 739
237 238 200141705881
447371 200140811641 737
238 239 200140811141
447370 200139916900 735
239 240 200139916403
447369 200139022161 733
240 241 200139021667
447368 200138127424 731
241 242 200138126933
447367 200137232689 729
242 243 200137232201
447366 200136337956 727
243 244 200136337471
447365 200135443225 725
244 245 200135442743
447364 200134548496 723
245 246 200134548017
447363 200133653769 721
246 247 200133653293
447362 200132759044 719
247 248 200132758571
447361 200131864321 717
248 249 200131863851
447360 200130969600 715
249 250 200130969133
447359 200130074881 713
250 251 200130074417
447358 200129180164 711
251 252 200129179703
447357 200128285449 709
252 253 200128284991
447356 200127390736 707
253 254 200127390281
447355 200126496025 705
254 255 200126495573
447354 200125601316 703
255 256 200125600867
447353 200124706609 701
256 257 200124706163
447352 200123811904 699
257 258 200123811461
447351 200122917201 697
258 259 200122916761
447350 200122022500 695
259 260 200122022063
447349 200121127801 693
260 261 200121127367
447348 200120233104 691
261 262 200120232673
447347 200119338409 689
262 263 200119337981
447346 200118443716 687
263 264 200118443291
447345 200117549025 685
264 265 200117548603
447344 200116654336 683
265 266 200116653917
447343 200115759649 681
266 267 200115759233
447342 200114864964 679
267 268 200114864551
447341 200113970281 677
268 269 200113969871
447340 200113075600 675
269 270 200113075193
447339 200112180921 673
270 271 200112180517
447338 200111286244 671
271 272 200111285843
447337 200110391569 669
272 273 200110391171
447336 200109496896 667
273 274 200109496501
447335 200108602225 665
274 275 200108601833
447334 200107707556 663
275 276 200107707167
447333 200106812889 661
276 277 200106812503
447332 200105918224 659
277 278 200105917841
447331 200105023561 657
278 279 200105023181
447330 200104128900 655
279 280 200104128523
447329 200103234241 653
280 281 200103233867
447328 200102339584 651
281 282 200102339213
447327 200101444929 649
282 283 200101444561
447326 200100550276 647
283 284 200100549911
447325 200099655625 645
284 285 200099655263
447324 200098760976 643
285 286 200098760617
447323 200097866329 641
286 287 200097865973
447322 200096971684 639
287 288 200096971331
447321 200096077041 637
288 289 200096076691
447320 200095182400 635
289 290 200095182053
447319 200094287761 633
290 291 200094287417
447318 200093393124 631
291 292 200093392783
447317 200092498489 629
292 293 200092498151
447316 200091603856 627
293 294 200091603521
447315 200090709225 625
294 295 200090708893
447314 200089814596 623
295 296 200089814267
447313 200088919969 621
296 297 200088919643
447312 200088025344 619
297 298 200088025021
447311 200087130721 617
298 299 200087130401
447310 200086236100 615
299 300 200086235783
447309 200085341481 613
300 301 200085341167
447308 200084446864 611
301 302 200084446553
447307 200083552249 609
302 303 200083551941
447306 200082657636 607
303 304 200082657331
447305 200081763025 605
304 305 200081762723
447304 200080868416 603
305 306 200080868117
447303 200079973809 601
306 307 200079973513
447302 200079079204 599
307 308 200079078911
447301 200078184601 597
308 309 200078184311
447300 200077290000 595
309 310 200077289713
447299 200076395401 593
310 311 200076395117
447298 200075500804 591
311 312 200075500523
447297 200074606209 589
312 313 200074605931
447296 200073711616 587
313 314 200073711341
447295 200072817025 585
314 315 200072816753
447294 200071922436 583
315 316 200071922167
447293 200071027849 581
316 317 200071027583
447292 200070133264 579
317 318 200070133001
447291 200069238681 577
318 319 200069238421
447290 200068344100 575
319 320 200068343843
447289 200067449521 573
320 321 200067449267
447288 200066554944 571
321 322 200066554693
447287 200065660369 569
322 323 200065660121
447286 200064765796 567
323 324 200064765551
447285 200063871225 565
324 325 200063870983
447284 200062976656 563
325 326 200062976417
447283 200062082089 561
326 327 200062081853
447282 200061187524 559
327 328 200061187291
447281 200060292961 557
328 329 200060292731
447280 200059398400 555
329 330 200059398173
447279 200058503841 553
330 331 200058503617
447278 200057609284 551
331 332 200057609063
447277 200056714729 549
332 333 200056714511
447276 200055820176 547
333 334 200055819961
447275 200054925625 545
334 335 200054925413
447274 200054031076 543
335 336 200054030867
447273 200053136529 541
336 337 200053136323
447272 200052241984 539
337 338 200052241781
447271 200051347441 537
338 339 200051347241
447270 200050452900 535
339 340 200050452703
447269 200049558361 533
340 341 200049558167
447268 200048663824 531
341 342 200048663633
447267 200047769289 529
342 343 200047769101
447266 200046874756 527
343 344 200046874571
447265 200045980225 525
344 345 200045980043
447264 200045085696 523
345 346 200045085517
447263 200044191169 521
346 347 200044190993
447262 200043296644 519
347 348 200043296471
447261 200042402121 517
348 349 200042401951
447260 200041507600 515
349 350 200041507433
447259 200040613081 513
350 351 200040612917
447258 200039718564 511
351 352 200039718403
447257 200038824049 509
352 353 200038823891
447256 200037929536 507
353 354 200037929381
447255 200037035025 505
354 355 200037034873
447254 200036140516 503
355 356 200036140367
447253 200035246009 501
356 357 200035245863
447252 200034351504 499
357 358 200034351361
447251 200033457001 497
358 359 200033456861
447250 200032562500 495
359 360 200032562363
447249 200031668001 493
360 361 200031667867
447248 200030773504 491
361 362 200030773373
447247 200029879009 489
362 363 200029878881
447246 200028984516 487
363 364 200028984391
447245 200028090025 485
364 365 200028089903
447244 200027195536 483
365 366 20