200352839651
228591828
220203371879
-1656096859
771888683523
94452819480
-475531893
-1158386661
-145619894
79141478591
11104738376
-562263143
902444751783
68313829474
511119085103
-8615768
36813704
999986000049
304114244504
101002727173
78815097128
537803281496
159836032640
-3257904994
-999988000036
665023048586
329119260199
-2790886866
-499991000040
-32007959038
-853626287
-9712358638
407394930924
6273596215
478225975969
999999999999
-25180213
-16538442
-2641548064
94301356348
-2323657309
494937562711
86190622564
-9
-792655329
60772728402
6767301371
267549219272
76047319217
-1487563681
37752711832
-738413281
-703825886
74571870863
814827561316
309673667
-2190057053
826508246807
990438287316
151184443512
657193557053
-1113085755
120750689006
985629955889
335826998610
294280272636
351978769700
-87756349
999996000002
585452824001
225518379299
-1281690110
-24648246
50792393770
-333330000007
31422183731
-523669966
-784175767
-430935753
-8722259561
157158284653
83697008047
338861723711
-1
747739576918
619323507841
188385193955
-4
668751781824
497032049953
19496983673
68907015155
-106462360
517973845934
714719617409
-1345550561
194002635989
13124864191
-35572345
2180739140
